[
  {
    "head": 0,
    "definition": "value_vectors[n] = E[n] @ W_V_h.T, token-only, no position embedding",
    "norms": [
      3.7045228481292725,
      4.638823986053467,
      3.9200055599212646,
      0.1589241325855255,
      4.61409854888916,
      10.242005348205566,
      17.58030128479004,
      1.2324020862579346,
      6.353718280792236,
      5.518601417541504
    ],
    "norm_corr_with_number": 0.268755167722702,
    "norm_order_desc": [
      6,
      5,
      8,
      9,
      1,
      4,
      2,
      0,
      7,
      3
    ],
    "largest_norm_number": 6,
    "smallest_norm_number": 3,
    "pairwise_cosine": [
      [
        0.9999999403953552,
        0.9987381100654602,
        0.9982588291168213,
        -0.5967015027999878,
        -0.9942736029624939,
        -0.995786726474762,
        -0.9961991906166077,
        -0.9974513053894043,
        -0.9982547760009766,
        -0.998978316783905
      ],
      [
        0.9987381100654602,
        0.9999999403953552,
        0.9997882843017578,
        -0.62965989112854,
        -0.9981786608695984,
        -0.9988804459571838,
        -0.9990788102149963,
        -0.9975793957710266,
        -0.9997009634971619,
        -0.9995951652526855
      ],
      [
        0.9982588291168213,
        0.9997882843017578,
        1.0,
        -0.6301148533821106,
        -0.9984353184700012,
        -0.9990777373313904,
        -0.9992058277130127,
        -0.9971810579299927,
        -0.9995825886726379,
        -0.9993571639060974
      ],
      [
        -0.5967015027999878,
        -0.62965989112854,
        -0.6301148533821106,
        0.9999998211860657,
        0.6709765791893005,
        0.6589432954788208,
        0.6559269428253174,
        0.6272853016853333,
        0.6368387937545776,
        0.6254964470863342
      ],
      [
        -0.9942736029624939,
        -0.9981786608695984,
        -0.9984353184700012,
        0.6709765791893005,
        1.0,
        0.9998066425323486,
        0.9997058510780334,
        0.9951170682907104,
        0.9985626935958862,
        0.9975544810295105
      ],
      [
        -0.995786726474762,
        -0.9988804459571838,
        -0.9990777373313904,
        0.6589432954788208,
        0.9998066425323486,
        1.0,
        0.9999729990959167,
        0.9957352876663208,
        0.9992005228996277,
        0.998428463935852
      ],
      [
        -0.9961991906166077,
        -0.9990788102149963,
        -0.9992058277130127,
        0.6559269428253174,
        0.9997058510780334,
        0.9999729990959167,
        1.0,
        0.9959747791290283,
        0.9993911981582642,
        0.9986653327941895
      ],
      [
        -0.9974513053894043,
        -0.9975793957710266,
        -0.9971810579299927,
        0.6272853016853333,
        0.9951170682907104,
        0.9957352876663208,
        0.9959747791290283,
        1.0,
        0.9977124929428101,
        0.9981347322463989
      ],
      [
        -0.9982547760009766,
        -0.9997009634971619,
        -0.9995825886726379,
        0.6368387937545776,
        0.9985626935958862,
        0.9992005228996277,
        0.9993911981582642,
        0.9977124929428101,
        1.0,
        0.999765932559967
      ],
      [
        -0.998978316783905,
        -0.9995951652526855,
        -0.9993571639060974,
        0.6254964470863342,
        0.9975544810295105,
        0.998428463935852,
        0.9986653327941895,
        0.9981347322463989,
        0.999765932559967,
        1.0
      ]
    ],
    "pairwise_angle_degrees": [
      [
        0.01978234015405178,
        2.8786845207214355,
        3.3815932273864746,
        126.634033203125,
        173.8654022216797,
        174.73861694335938,
        175.00296020507812,
        175.90843200683594,
        176.61447143554688,
        177.40980529785156
      ],
      [
        2.8786845207214355,
        0.01978234015405178,
        1.1790218353271484,
        129.02503967285156,
        176.54141235351562,
        177.28855895996094,
        177.54051208496094,
        176.0126190185547,
        178.59877014160156,
        178.36961364746094
      ],
      [
        3.3815932273864746,
        1.1790218353271484,
        0.0,
        129.05859375,
        176.79441833496094,
        177.53907775878906,
        177.7163848876953,
        175.6968994140625,
        178.344482421875,
        177.94546508789062
      ],
      [
        126.634033203125,
        129.02503967285156,
        129.05859375,
        0.03426402062177658,
        47.85751724243164,
        48.780670166015625,
        49.01002502441406,
        51.149879455566406,
        50.44350051879883,
        51.28136444091797
      ],
      [
        173.8654022216797,
        176.54141235351562,
        176.79441833496094,
        47.85751724243164,
        0.0,
        1.1267436742782593,
        1.3897347450256348,
        5.664412021636963,
        3.072305202484131,
        4.007852077484131
      ],
      [
        174.73861694335938,
        177.28855895996094,
        177.53907775878906,
        48.780670166015625,
        1.1267436742782593,
        0.0,
        0.421044260263443,
        5.293427467346191,
        2.2912347316741943,
        3.2126004695892334
      ],
      [
        175.00296020507812,
        177.54051208496094,
        177.7163848876953,
        49.01002502441406,
        1.3897347450256348,
        0.421044260263443,
        0.0,
        5.142547130584717,
        1.9993906021118164,
        2.960550308227539
      ],
      [
        175.90843200683594,
        176.0126190185547,
        175.6968994140625,
        51.149879455566406,
        5.664412021636963,
        5.293427467346191,
        5.142547130584717,
        0.0,
        3.87615966796875,
        3.5000622272491455
      ],
      [
        176.61447143554688,
        178.59877014160156,
        178.344482421875,
        50.44350051879883,
        3.072305202484131,
        2.2912347316741943,
        1.9993906021118164,
        3.87615966796875,
        0.0,
        1.2397000789642334
      ],
      [
        177.40980529785156,
        178.36961364746094,
        177.94546508789062,
        51.28136444091797,
        4.007852077484131,
        3.2126004695892334,
        2.960550308227539,
        3.5000622272491455,
        1.2397000789642334,
        0.0
      ]
    ],
    "adjacent_angle_degrees": [
      2.8786845207214355,
      1.1790218353271484,
      129.05859375,
      47.85751724243164,
      1.1267436742782593,
      0.421044260263443,
      5.142547130584717,
      3.87615966796875,
      1.2397000789642334
    ],
    "mean_adjacent_angle_degrees": 21.420001983642578,
    "mean_offdiag_angle_degrees": 87.06234741210938,
    "min_offdiag_angle_degrees": 0.421044260263443,
    "max_offdiag_angle_degrees": 178.59877014160156
  },
  {
    "head": 1,
    "definition": "value_vectors[n] = E[n] @ W_V_h.T, token-only, no position embedding",
    "norms": [
      0.8448330760002136,
      1.7764769792556763,
      1.562922477722168,
      0.4918808341026306,
      2.828136444091797,
      5.782250881195068,
      9.68739128112793,
      0.3668227195739746,
      2.8519420623779297,
      2.0924015045166016
    ],
    "norm_corr_with_number": 0.27630770206451416,
    "norm_order_desc": [
      6,
      5,
      8,
      4,
      9,
      1,
      2,
      0,
      3,
      7
    ],
    "largest_norm_number": 6,
    "smallest_norm_number": 7,
    "pairwise_cosine": [
      [
        1.0,
        0.9480275511741638,
        0.9438592195510864,
        -0.7651485204696655,
        -0.8894141912460327,
        -0.898001492023468,
        -0.8979959487915039,
        -0.9521434903144836,
        -0.9235051870346069,
        -0.9420003890991211
      ],
      [
        0.9480275511741638,
        0.9999999403953552,
        0.9981537461280823,
        -0.924936830997467,
        -0.9869931936264038,
        -0.9896717667579651,
        -0.9895280003547668,
        -0.9409327507019043,
        -0.9939491748809814,
        -0.9933452606201172
      ],
      [
        0.9438592195510864,
        0.9981537461280823,
        1.0,
        -0.9199509024620056,
        -0.9846367239952087,
        -0.9871702790260315,
        -0.9870061278343201,
        -0.9377440810203552,
        -0.9888507127761841,
        -0.9860544800758362
      ],
      [
        -0.7651485204696655,
        -0.924936830997467,
        -0.9199509024620056,
        1.0,
        0.971987247467041,
        0.9675687551498413,
        0.967053234577179,
        0.8189958333969116,
        0.9500250816345215,
        0.9313569068908691
      ],
      [
        -0.8894141912460327,
        -0.9869931936264038,
        -0.9846367239952087,
        0.971987247467041,
        1.0,
        0.9996528029441833,
        0.9994720816612244,
        0.9079282283782959,
        0.9946509003639221,
        0.9862872958183289
      ],
      [
        -0.898001492023468,
        -0.9896717667579651,
        -0.9871702790260315,
        0.9675687551498413,
        0.9996528029441833,
        1.0,
        0.9998694658279419,
        0.9114778637886047,
        0.9961966276168823,
        0.9887205362319946
      ],
      [
        -0.8979959487915039,
        -0.9895280003547668,
        -0.9870061278343201,
        0.967053234577179,
        0.9994720816612244,
        0.9998694658279419,
        0.9999999403953552,
        0.9103718996047974,
        0.9966456294059753,
        0.9890510439872742
      ],
      [
        -0.9521434903144836,
        -0.9409327507019043,
        -0.9377440810203552,
        0.8189958333969116,
        0.9079282283782959,
        0.9114778637886047,
        0.9103718996047974,
        1.0,
        0.9268856644630432,
        0.9406127333641052
      ],
      [
        -0.9235051870346069,
        -0.9939491748809814,
        -0.9888507127761841,
        0.9500250816345215,
        0.9946509003639221,
        0.9961966276168823,
        0.9966456294059753,
        0.9268856644630432,
        1.0,
        0.9973169565200806
      ],
      [
        -0.9420003890991211,
        -0.9933452606201172,
        -0.9860544800758362,
        0.9313569068908691,
        0.9862872958183289,
        0.9887205362319946,
        0.9890510439872742,
        0.9406127333641052,
        0.9973169565200806,
        1.0
      ]
    ],
    "pairwise_angle_degrees": [
      [
        0.0,
        18.55339241027832,
        19.289897918701172,
        139.9202117919922,
        152.7997283935547,
        153.8966064453125,
        153.89588928222656,
        162.20265197753906,
        157.4440155029297,
        160.3902587890625
      ],
      [
        18.55339241027832,
        0.01978234015405178,
        3.4821717739105225,
        157.65882873535156,
        170.74887084960938,
        171.75814819335938,
        171.7008819580078,
        160.20880126953125,
        173.69386291503906,
        173.3863067626953
      ],
      [
        19.289897918701172,
        3.4821717739105225,
        0.0,
        156.91891479492188,
        169.9437255859375,
        170.81219482421875,
        170.7534942626953,
        159.6761016845703,
        171.43621826171875,
        170.42010498046875
      ],
      [
        139.9202117919922,
        157.65882873535156,
        156.91891479492188,
        0.0,
        13.593603134155273,
        14.631882667541504,
        14.748357772827148,
        35.015602111816406,
        18.190269470214844,
        21.352670669555664
      ],
      [
        152.7997283935547,
        170.74887084960938,
        169.9437255859375,
        13.593603134155273,
        0.0,
        1.5098652839660645,
        1.8618303537368774,
        24.779399871826172,
        5.928867816925049,
        9.499411582946777
      ],
      [
        153.8966064453125,
        171.75814819335938,
        170.81219482421875,
        14.631882667541504,
        1.5098652839660645,
        0.0,
        0.9257729053497314,
        24.289613723754883,
        4.99873161315918,
        8.613722801208496
      ],
      [
        153.89588928222656,
        171.7008819580078,
        170.7534942626953,
        14.748357772827148,
        1.8618303537368774,
        0.9257729053497314,
        0.01978234015405178,
        24.443204879760742,
        4.694232940673828,
        8.48635196685791
      ],
      [
        162.20265197753906,
        160.20880126953125,
        159.6761016845703,
        35.015602111816406,
        24.779399871826172,
        24.289613723754883,
        24.443204879760742,
        0.0,
        22.045562744140625,
        19.845287322998047
      ],
      [
        157.4440155029297,
        173.69386291503906,
        171.43621826171875,
        18.190269470214844,
        5.928867816925049,
        4.99873161315918,
        4.694232940673828,
        22.045562744140625,
        0.0,
        4.198060035705566
      ],
      [
        160.3902587890625,
        173.3863067626953,
        170.42010498046875,
        21.352670669555664,
        9.499411582946777,
        8.613722801208496,
        8.48635196685791,
        19.845287322998047,
        4.198060035705566,
        0.0
      ]
    ],
    "adjacent_angle_degrees": [
      18.55339241027832,
      3.4821717739105225,
      156.91891479492188,
      13.593603134155273,
      1.5098652839660645,
      0.9257729053497314,
      24.443204879760742,
      22.045562744140625,
      4.198060035705566
    ],
    "mean_adjacent_angle_degrees": 27.296728134155273,
    "mean_offdiag_angle_degrees": 83.4365234375,
    "min_offdiag_angle_degrees": 0.9257729053497314,
    "max_offdiag_angle_degrees": 173.69386291503906
  },
  {
    "head": 2,
    "definition": "value_vectors[n] = E[n] @ W_V_h.T, token-only, no position embedding",
    "norms": [
      4.300997257232666,
      5.148233890533447,
      4.3477396965026855,
      0.17693594098091125,
      4.571043491363525,
      10.389659881591797,
      17.916973114013672,
      1.3396215438842773,
      6.801572799682617,
      6.060475826263428
    ],
    "norm_corr_with_number": 0.2615725100040436,
    "norm_order_desc": [
      6,
      5,
      8,
      9,
      1,
      4,
      2,
      0,
      7,
      3
    ],
    "largest_norm_number": 6,
    "smallest_norm_number": 3,
    "pairwise_cosine": [
      [
        1.0,
        0.9985096454620361,
        0.9984085559844971,
        0.6565055847167969,
        -0.9939197301864624,
        -0.9948675036430359,
        -0.9948210120201111,
        -0.9964927434921265,
        -0.9975151419639587,
        -0.9989598393440247
      ],
      [
        0.9985096454620361,
        1.0,
        0.999835193157196,
        0.6307765245437622,
        -0.9974247813224792,
        -0.9977615475654602,
        -0.9977062344551086,
        -0.9928497076034546,
        -0.9991527795791626,
        -0.9992489218711853
      ],
      [
        0.9984085559844971,
        0.999835193157196,
        0.9999999403953552,
        0.6339132785797119,
        -0.9970401525497437,
        -0.9974004626274109,
        -0.9973579049110413,
        -0.9925029277801514,
        -0.9987712502479553,
        -0.9989103674888611
      ],
      [
        0.6565055847167969,
        0.6307765245437622,
        0.6339132785797119,
        1.0,
        -0.5757375359535217,
        -0.581994354724884,
        -0.582350492477417,
        -0.6608868837356567,
        -0.6081401705741882,
        -0.6255640387535095
      ],
      [
        -0.9939197301864624,
        -0.9974247813224792,
        -0.9970401525497437,
        -0.5757375359535217,
        1.0,
        0.999883234500885,
        0.9998204112052917,
        0.9880810379981995,
        0.9989689588546753,
        0.9975004196166992
      ],
      [
        -0.9948675036430359,
        -0.9977615475654602,
        -0.9974004626274109,
        -0.581994354724884,
        0.999883234500885,
        1.0,
        0.999980092048645,
        0.9888827800750732,
        0.9993410706520081,
        0.9980073571205139
      ],
      [
        -0.9948210120201111,
        -0.9977062344551086,
        -0.9973579049110413,
        -0.582350492477417,
        0.9998204112052917,
        0.999980092048645,
        0.9999999403953552,
        0.9886398911476135,
        0.9993563294410706,
        0.9979813098907471
      ],
      [
        -0.9964927434921265,
        -0.9928497076034546,
        -0.9925029277801514,
        -0.6608868837356567,
        0.9880810379981995,
        0.9888827800750732,
        0.9886398911476135,
        1.0,
        0.9920856952667236,
        0.9949291348457336
      ],
      [
        -0.9975151419639587,
        -0.9991527795791626,
        -0.9987712502479553,
        -0.6081401705741882,
        0.9989689588546753,
        0.9993410706520081,
        0.9993563294410706,
        0.9920856952667236,
        1.0,
        0.9995189905166626
      ],
      [
        -0.9989598393440247,
        -0.9992489218711853,
        -0.9989103674888611,
        -0.6255640387535095,
        0.9975004196166992,
        0.9980073571205139,
        0.9979813098907471,
        0.9949291348457336,
        0.9995189905166626,
        0.9999998807907104
      ]
    ],
    "pairwise_angle_degrees": [
      [
        0.0,
        3.1285016536712646,
        3.2328898906707764,
        48.96609115600586,
        173.6785125732422,
        174.19252014160156,
        174.16624450683594,
        175.19992065429688,
        175.9600372314453,
        177.38648986816406
      ],
      [
        3.1285016536712646,
        0.0,
        1.0402344465255737,
        50.89256286621094,
        175.88719177246094,
        176.1656494140625,
        176.11854553222656,
        173.14419555664062,
        177.64134216308594,
        177.77920532226562
      ],
      [
        3.2328898906707764,
        1.0402344465255737,
        0.01978234015405178,
        50.66056823730469,
        175.59060668945312,
        175.86781311035156,
        175.8341064453125,
        172.97970581054688,
        177.1593780517578,
        177.32504272460938
      ],
      [
        48.96609115600586,
        50.89256286621094,
        50.66056823730469,
        0.0,
        125.15130615234375,
        125.59093475341797,
        125.61603546142578,
        131.36753845214844,
        127.45515441894531,
        128.72360229492188
      ],
      [
        173.6785125732422,
        175.88719177246094,
        175.59060668945312,
        125.15130615234375,
        0.0,
        0.8755866885185242,
        1.0858848094940186,
        8.855012893676758,
        2.602034091949463,
        4.0519280433654785
      ],
      [
        174.19252014160156,
        176.1656494140625,
        175.86781311035156,
        125.59093475341797,
        0.8755866885185242,
        0.0,
        0.36153608560562134,
        8.551432609558105,
        2.0800840854644775,
        3.617633104324341
      ],
      [
        174.16624450683594,
        176.11854553222656,
        175.8341064453125,
        125.61603546142578,
        1.0858848094940186,
        0.36153608560562134,
        0.01978234015405178,
        8.644519805908203,
        2.055856227874756,
        3.6412084102630615
      ],
      [
        175.19992065429688,
        173.14419555664062,
        172.97970581054688,
        131.36753845214844,
        8.855012893676758,
        8.551432609558105,
        8.644519805908203,
        0.0,
        7.213248252868652,
        5.772479057312012
      ],
      [
        175.9600372314453,
        177.64134216308594,
        177.1593780517578,
        127.45515441894531,
        2.602034091949463,
        2.0800840854644775,
        2.055856227874756,
        7.213248252868652,
        0.0,
        1.77718186378479
      ],
      [
        177.38648986816406,
        177.77920532226562,
        177.32504272460938,
        128.72360229492188,
        4.0519280433654785,
        3.617633104324341,
        3.6412084102630615,
        5.772479057312012,
        1.77718186378479,
        0.02797645516693592
      ]
    ],
    "adjacent_angle_degrees": [
      3.1285016536712646,
      1.0402344465255737,
      50.66056823730469,
      125.15130615234375,
      0.8755866885185242,
      0.36153608560562134,
      8.644519805908203,
      7.213248252868652,
      1.77718186378479
    ],
    "mean_adjacent_angle_degrees": 22.094741821289062,
    "mean_offdiag_angle_degrees": 92.11305236816406,
    "min_offdiag_angle_degrees": 0.36153608560562134,
    "max_offdiag_angle_degrees": 177.77920532226562
  },
  {
    "head": 3,
    "definition": "value_vectors[n] = E[n] @ W_V_h.T, token-only, no position embedding",
    "norms": [
      8.44874095916748,
      9.980194091796875,
      8.525042533874512,
      0.4204525947570801,
      8.311017990112305,
      19.077123641967773,
      32.736968994140625,
      2.576249837875366,
      12.317194938659668,
      10.764711380004883
    ],
    "norm_corr_with_number": 0.23270376026630402,
    "norm_order_desc": [
      6,
      5,
      8,
      9,
      1,
      2,
      0,
      4,
      7,
      3
    ],
    "largest_norm_number": 6,
    "smallest_norm_number": 3,
    "pairwise_cosine": [
      [
        0.9999998211860657,
        0.999330461025238,
        0.9993798732757568,
        0.9389551281929016,
        -0.9967554211616516,
        -0.9976666569709778,
        -0.9976641535758972,
        -0.999131977558136,
        -0.9989008903503418,
        -0.9993280172348022
      ],
      [
        0.999330461025238,
        1.0,
        0.9999456405639648,
        0.9270961880683899,
        -0.9988808035850525,
        -0.9993301033973694,
        -0.9993261694908142,
        -0.9988477826118469,
        -0.9998175501823425,
        -0.9997803568840027
      ],
      [
        0.9993798732757568,
        0.9999456405639648,
        1.0,
        0.9281864762306213,
        -0.9987441897392273,
        -0.9992152452468872,
        -0.9992075562477112,
        -0.9987414479255676,
        -0.9996801018714905,
        -0.9996141791343689
      ],
      [
        0.9389551281929016,
        0.9270961880683899,
        0.9281864762306213,
        0.9999999403953552,
        -0.9087002873420715,
        -0.9135379791259766,
        -0.9134779572486877,
        -0.9334107041358948,
        -0.9222477078437805,
        -0.9275417327880859
      ],
      [
        -0.9967554211616516,
        -0.9988808035850525,
        -0.9987441897392273,
        -0.9087002873420715,
        0.9999999403953552,
        0.9998984932899475,
        0.9999009370803833,
        0.9969578981399536,
        0.9993259310722351,
        0.9986044764518738
      ],
      [
        -0.9976666569709778,
        -0.9993301033973694,
        -0.9992152452468872,
        -0.9135379791259766,
        0.9998984932899475,
        0.9999998807907104,
        0.9999956488609314,
        0.9976435899734497,
        0.9996886253356934,
        0.9991347789764404
      ],
      [
        -0.9976641535758972,
        -0.9993261694908142,
        -0.9992075562477112,
        -0.9134779572486877,
        0.9999009370803833,
        0.9999956488609314,
        1.0,
        0.9976398944854736,
        0.9996919631958008,
        0.9991287589073181
      ],
      [
        -0.999131977558136,
        -0.9988477826118469,
        -0.9987414479255676,
        -0.9334107041358948,
        0.9969578981399536,
        0.9976435899734497,
        0.9976398944854736,
        1.0,
        0.998696506023407,
        0.9989480376243591
      ],
      [
        -0.9989008903503418,
        -0.9998175501823425,
        -0.9996801018714905,
        -0.9222477078437805,
        0.9993259310722351,
        0.9996886253356934,
        0.9996919631958008,
        0.998696506023407,
        1.0,
        0.9998372793197632
      ],
      [
        -0.9993280172348022,
        -0.9997803568840027,
        -0.9996141791343689,
        -0.9275417327880859,
        0.9986044764518738,
        0.9991347789764404,
        0.9991287589073181,
        0.9989480376243591,
        0.9998372793197632,
        0.9999998807907104
      ]
    ],
    "pairwise_angle_degrees": [
      [
        0.03426402062177658,
        2.0967652797698975,
        2.0179030895233154,
        20.12318229675293,
        175.38327026367188,
        176.08518981933594,
        176.0830841064453,
        177.612548828125,
        177.3134307861328,
        177.8994140625
      ],
      [
        2.0967652797698975,
        0.0,
        0.597416341304779,
        22.013404846191406,
        177.28900146484375,
        177.90267944335938,
        177.8965301513672,
        177.24928283691406,
        178.90550231933594,
        178.79910278320312
      ],
      [
        2.0179030895233154,
        0.597416341304779,
        0.0,
        21.84613800048828,
        177.12826538085938,
        177.72996520996094,
        177.7188720703125,
        177.1251220703125,
        178.5507049560547,
        178.4083709716797
      ],
      [
        20.12318229675293,
        22.013404846191406,
        21.84613800048828,
        0.01978234015405178,
        155.32635498046875,
        155.9989471435547,
        155.99049377441406,
        158.97288513183594,
        157.25692749023438,
        158.05479431152344
      ],
      [
        175.38327026367188,
        177.28900146484375,
        177.12826538085938,
        155.32635498046875,
        0.01978234015405178,
        0.8163731098175049,
        0.8064858913421631,
        4.470279693603516,
        2.1038472652435303,
        3.027308940887451
      ],
      [
        176.08518981933594,
        177.90267944335938,
        177.72996520996094,
        155.9989471435547,
        0.8163731098175049,
        0.02797645516693592,
        0.16902045905590057,
        3.93412709236145,
        1.4298502206802368,
        2.3835952281951904
      ],
      [
        176.0830841064453,
        177.8965301513672,
        177.7188720703125,
        155.99049377441406,
        0.8064858913421631,
        0.16902045905590057,
        0.0,
        3.937211751937866,
        1.4221653938293457,
        2.391874313354492
      ],
      [
        177.612548828125,
        177.24928283691406,
        177.1251220703125,
        158.97288513183594,
        4.470279693603516,
        3.93412709236145,
        3.937211751937866,
        0.0,
        2.925764322280884,
        2.628305196762085
      ],
      [
        177.3134307861328,
        178.90550231933594,
        178.5507049560547,
        157.25692749023438,
        2.1038472652435303,
        1.4298502206802368,
        1.4221653938293457,
        2.925764322280884,
        0.0,
        1.0336295366287231
      ],
      [
        177.8994140625,
        178.79910278320312,
        178.4083709716797,
        158.05479431152344,
        3.027308940887451,
        2.3835952281951904,
        2.391874313354492,
        2.628305196762085,
        1.0336295366287231,
        0.02797645516693592
      ]
    ],
    "adjacent_angle_degrees": [
      2.0967652797698975,
      0.597416341304779,
      21.84613800048828,
      155.32635498046875,
      0.8163731098175049,
      0.16902045905590057,
      3.937211751937866,
      2.925764322280884,
      1.0336295366287231
    ],
    "mean_adjacent_angle_degrees": 20.972074508666992,
    "mean_offdiag_angle_degrees": 94.19678497314453,
    "min_offdiag_angle_degrees": 0.16902045905590057,
    "max_offdiag_angle_degrees": 178.90550231933594
  }
]
