{
  "description": "For each head, the source vector is the actual [ANS] residual at position 10: E[ANS] + P[10]. value_vector_h = source @ W_V_h.T. output_vector_h = value_vector_h @ W_O_h.T.",
  "heads": [
    "H0",
    "H1",
    "H2",
    "H3"
  ],
  "value_shape": [
    4,
    16
  ],
  "output_shape": [
    4,
    64
  ],
  "value_vectors": [
    [
      -3.0639257431030273,
      3.5358080863952637,
      4.494211196899414,
      -4.257768630981445,
      5.01889705657959,
      -3.1305088996887207,
      -4.435455322265625,
      3.543778419494629,
      5.367245674133301,
      5.13372278213501,
      2.904676914215088,
      4.580764293670654,
      -3.749723196029663,
      3.233994483947754,
      -4.313652515411377,
      4.598262310028076
    ],
    [
      0.2851259708404541,
      -2.97542142868042,
      2.6803817749023438,
      1.998633623123169,
      2.4500226974487305,
      -2.3094968795776367,
      -2.119418144226074,
      1.511457920074463,
      1.160412311553955,
      -2.9707913398742676,
      2.7682621479034424,
      1.9585951566696167,
      -2.4927608966827393,
      0.24086163938045502,
      -1.9062888622283936,
      2.430382013320923
    ],
    [
      -3.5378429889678955,
      4.671704292297363,
      4.212103843688965,
      -4.330667018890381,
      -5.282276153564453,
      5.6520795822143555,
      -2.759495258331299,
      -3.70536470413208,
      -3.4484269618988037,
      -2.8563451766967773,
      4.022100925445557,
      3.8397185802459717,
      -4.251824378967285,
      5.5015997886657715,
      4.071504592895508,
      -4.454388618469238
    ],
    [
      -12.567163467407227,
      -4.990873336791992,
      -6.2284369468688965,
      5.561420917510986,
      -9.243680953979492,
      5.714599609375,
      -7.387523651123047,
      8.2554349899292,
      9.092976570129395,
      8.019439697265625,
      5.9608354568481445,
      8.569534301757812,
      -7.715188026428223,
      8.549117088317871,
      -6.6524200439453125,
      -6.4111809730529785
    ]
  ],
  "output_vectors": [
    [
      10.889314651489258,
      -12.246941566467285,
      7.272137641906738,
      10.261804580688477,
      10.62095832824707,
      0.05190551280975342,
      10.584152221679688,
      8.38026237487793,
      11.011261940002441,
      1.4265196323394775,
      4.661160945892334,
      -8.445505142211914,
      -12.53729248046875,
      -13.83702278137207,
      1.2927861213684082,
      -9.969503402709961,
      -9.280036926269531,
      -9.914307594299316,
      10.248003959655762,
      12.511220932006836,
      13.010025024414062,
      7.182084083557129,
      -10.385047912597656,
      10.406028747558594,
      9.344053268432617,
      -7.442012310028076,
      8.177345275878906,
      0.1965796947479248,
      -9.783552169799805,
      -12.008159637451172,
      -7.209689140319824,
      -11.739616394042969,
      1.759087085723877,
      11.994935989379883,
      1.5220065116882324,
      15.056367874145508,
      6.120978832244873,
      11.991292953491211,
      -11.975913047790527,
      7.185667991638184,
      -7.5174479484558105,
      11.17072868347168,
      -17.96465492248535,
      -5.070510387420654,
      10.997358322143555,
      5.673693656921387,
      15.855735778808594,
      -11.19835376739502,
      10.938694953918457,
      0.28375330567359924,
      -11.768162727355957,
      -13.241256713867188,
      5.774876594543457,
      -8.848228454589844,
      9.718740463256836,
      8.676527976989746,
      -11.889689445495605,
      -14.020599365234375,
      -11.217041015625,
      -9.27126693725586,
      -7.3267903327941895,
      -6.887601852416992,
      -9.93077564239502,
      -10.106066703796387
    ],
    [
      5.252353668212891,
      -2.713320016860962,
      1.4767792224884033,
      3.736900806427002,
      5.255931377410889,
      -2.189084768295288,
      1.058626651763916,
      1.7656850814819336,
      4.0270891189575195,
      1.0501012802124023,
      1.4600508213043213,
      -0.3772070109844208,
      -3.6511881351470947,
      -3.0264034271240234,
      1.389181137084961,
      -2.364259719848633,
      -3.0957469940185547,
      -2.3037514686584473,
      4.610386848449707,
      3.241184711456299,
      3.275073528289795,
      -0.9458350539207458,
      -2.883857011795044,
      2.0797970294952393,
      4.670088768005371,
      -1.4427032470703125,
      3.01588773727417,
      -2.152693033218384,
      -2.2497220039367676,
      -3.878690719604492,
      -0.15787440538406372,
      -1.4945552349090576,
      2.259861707687378,
      4.265773773193359,
      -0.12959891557693481,
      3.4264750480651855,
      0.28979042172431946,
      5.195483684539795,
      -2.180880308151245,
      3.4192585945129395,
      -4.739515781402588,
      3.792717218399048,
      -2.5417633056640625,
      1.0629312992095947,
      3.792647123336792,
      1.9918917417526245,
      5.646208763122559,
      -4.149507999420166,
      2.420335054397583,
      2.196920871734619,
      -4.726618766784668,
      -1.502953052520752,
      0.37027448415756226,
      -4.748049736022949,
      2.2854390144348145,
      1.252466082572937,
      -3.958315849304199,
      -4.289804458618164,
      -1.5243157148361206,
      -0.8923842906951904,
      -1.1801884174346924,
      -3.7009713649749756,
      -5.176025390625,
      -2.0002713203430176
    ],
    [
      1.8353009223937988,
      -10.234549522399902,
      17.001693725585938,
      7.690136909484863,
      5.239721298217773,
      17.111719131469727,
      3.975372791290283,
      13.77531623840332,
      6.472179412841797,
      16.229721069335938,
      14.853965759277344,
      -10.96644115447998,
      -2.5396080017089844,
      -12.278417587280273,
      -1.921741008758545,
      -14.708288192749023,
      -8.767227172851562,
      -12.445648193359375,
      7.08642053604126,
      6.425541877746582,
      13.077500343322754,
      18.658153533935547,
      -10.255340576171875,
      12.62808609008789,
      8.889705657958984,
      -18.365615844726562,
      9.399271011352539,
      7.817709922790527,
      -8.899486541748047,
      -10.286195755004883,
      -6.563774108886719,
      -15.751665115356445,
      -21.43743896484375,
      3.0315728187561035,
      13.636392593383789,
      8.829483032226562,
      10.76348876953125,
      5.316709518432617,
      -9.26346206665039,
      13.309906005859375,
      -8.728437423706055,
      4.890632629394531,
      -4.003990173339844,
      -2.9957358837127686,
      8.423442840576172,
      16.184350967407227,
      2.2729315757751465,
      -8.185336112976074,
      7.850946426391602,
      -19.950584411621094,
      -6.902649402618408,
      -13.256041526794434,
      16.818649291992188,
      -6.826687335968018,
      14.372648239135742,
      15.974393844604492,
      -0.688116192817688,
      -6.069671630859375,
      -10.679710388183594,
      -9.739585876464844,
      -14.752812385559082,
      -5.679339408874512,
      -2.7417187690734863,
      -12.311851501464844
    ],
    [
      -4.035396099090576,
      -13.945018768310547,
      34.184600830078125,
      -31.795202255249023,
      -6.93752908706665,
      44.49733352661133,
      51.38783645629883,
      27.477781295776367,
      -17.29159927368164,
      22.70313835144043,
      2.9983267784118652,
      -29.214393615722656,
      -3.432760715484619,
      -28.26622772216797,
      -87.01207733154297,
      -17.62636375427246,
      10.422194480895996,
      -2.9540438652038574,
      -17.879032135009766,
      -7.65360164642334,
      7.5592522621154785,
      30.058956146240234,
      -25.55499267578125,
      7.4343485832214355,
      -23.37071418762207,
      -29.95857810974121,
      22.52193832397461,
      61.25474548339844,
      -35.73991394042969,
      20.750856399536133,
      -62.98817825317383,
      -23.743499755859375,
      -46.17607879638672,
      -48.54302215576172,
      74.1168212890625,
      18.494382858276367,
      48.95167922973633,
      -26.129133224487305,
      -44.41437911987305,
      0.047721266746520996,
      13.998096466064453,
      20.683734893798828,
      -50.8266716003418,
      -64.0773696899414,
      4.26332950592041,
      17.06869888305664,
      17.54375457763672,
      -7.975273132324219,
      20.626773834228516,
      -45.992897033691406,
      7.285398960113525,
      -11.982365608215332,
      23.983139038085938,
      7.014037609100342,
      7.962230682373047,
      9.180002212524414,
      7.154924392700195,
      28.490774154663086,
      -11.396787643432617,
      -59.43167495727539,
      -37.341346740722656,
      9.07905387878418,
      68.34762573242188,
      -17.64820098876953
    ]
  ],
  "value_norms": [
    16.62200164794922,
    8.701168060302734,
    16.963668823242188,
    31.101879119873047
  ],
  "output_norms": [
    79.30079650878906,
    24.62839126586914,
    89.1852798461914,
    264.8663330078125
  ],
  "value_pairwise_cosine": [
    [
      0.9999998807907104,
      0.44209110736846924,
      0.0405002199113369,
      0.32741087675094604
    ],
    [
      0.44209110736846924,
      1.0000001192092896,
      -0.14597363770008087,
      0.13443554937839508
    ],
    [
      0.0405002199113369,
      -0.14597363770008087,
      1.0,
      0.23820167779922485
    ],
    [
      0.32741087675094604,
      0.13443554937839508,
      0.23820167779922485,
      0.9999999403953552
    ]
  ],
  "value_pairwise_angle_degrees": [
    [
      0.02797645516693592,
      63.76262283325195,
      87.67887115478516,
      70.88829803466797
    ],
    [
      63.76262283325195,
      0.0,
      98.39366149902344,
      82.2740249633789
    ],
    [
      87.67887115478516,
      98.39366149902344,
      0.0,
      76.21957397460938
    ],
    [
      70.88829803466797,
      82.2740249633789,
      76.21957397460938,
      0.01978234015405178
    ]
  ],
  "output_pairwise_cosine": [
    [
      1.0,
      0.8855313062667847,
      0.7335494160652161,
      0.24957256019115448
    ],
    [
      0.8855313062667847,
      1.0,
      0.5140978097915649,
      -0.10776776820421219
    ],
    [
      0.7335494160652161,
      0.5140978097915649,
      0.9999999403953552,
      0.5231907963752747
    ],
    [
      0.24957256019115448,
      -0.10776776820421219,
      0.5231907963752747,
      1.0
    ]
  ],
  "output_pairwise_angle_degrees": [
    [
      0.0,
      27.683025360107422,
      42.815216064453125,
      75.54778289794922
    ],
    [
      27.683025360107422,
      0.0,
      59.06283187866211,
      96.18665313720703
    ],
    [
      42.815216064453125,
      59.06283187866211,
      0.01978234015405178,
      58.453468322753906
    ],
    [
      75.54778289794922,
      96.18665313720703,
      58.453468322753906,
      0.0
    ]
  ],
  "value_svd": {
    "singular_values": [
      32.09144592285156,
      16.946874618530273,
      15.343485832214355,
      7.390157222747803
    ],
    "energy_fraction": [
      0.640821635723114,
      0.17870546877384186,
      0.14648956060409546,
      0.03398333117365837
    ]
  },
  "output_svd": {
    "singular_values": [
      270.3419494628906,
      101.10796356201172,
      40.50655746459961,
      7.416228771209717
    ],
    "energy_fraction": [
      0.8597867488861084,
      0.12026369571685791,
      0.019302543252706528,
      0.0006470384541898966
    ]
  },
  "digit_logit_effects": [
    [
      17.117685317993164,
      44.99022674560547,
      55.95415496826172,
      56.22496032714844,
      43.577083587646484,
      22.576610565185547,
      -15.299952507019043,
      32.183006286621094,
      -3.1390609741210938,
      -39.90771484375
    ],
    [
      -3.984295606613159,
      6.460329055786133,
      12.232365608215332,
      15.886343955993652,
      14.781888008117676,
      11.544220924377441,
      1.8841228485107422,
      15.169775009155273,
      6.254405498504639,
      -4.292332172393799
    ],
    [
      51.79576873779297,
      68.29668426513672,
      69.26073455810547,
      59.10890197753906,
      40.03862380981445,
      9.623315811157227,
      -15.468857765197754,
      -14.828216552734375,
      -37.62556076049805,
      -59.73912811279297
    ],
    [
      300.7231140136719,
      232.2010040283203,
      149.6674041748047,
      51.88473892211914,
      -46.856101989746094,
      -131.7140655517578,
      -202.40484619140625,
      -121.77693176269531,
      -186.8419647216797,
      -181.82257080078125
    ]
  ],
  "digit_logit_argmax": [
    3,
    3,
    2,
    0
  ],
  "digit_logit_argmin": [
    9,
    9,
    9,
    6
  ]
}
